12	3
1603201    Lily    90    98    99   287    95
1504233    Eric    98    99    87   284    94
1504231   Sword    88    99    78   265    88
1901105    Zhou    77    88    99   264    88
1901104      Li    97    87    67   251    83
1901101    Zhao    65    98    78   241    80
1705241  Joanna    70    90    79   239    79
1901103     Sun    79    69    89   237    79
1901102    Qian    89    59    85   233    77
1603202   Fiona    60    67    88   215    71
      0   total   813   854   849  2516   838
      0 average    81    85    84   250    83
      0             0     0     0     0     0
      0             0     0     0     0     0
